== cumulated value-added loss (mUSD), % of a quarter, peak week (% of a week's VA), loss weeks (> 0.01 % of a week) ==
   gross = weekly shortfalls clipped at zero; net = backlog left at the end for goods and construction (A-F) + gross for the perishable sectors; delay = carrying cost of the backlog while outstanding
run                        2026_fc0910_base  2018_baseline  2026_fc0910_nopool  2018_nopool  2026_fc0910_seed1  2026_fc0910_seed2  2026_fc0910_seed3  2026_fc0910_seed4  2026_fc0910_seed5  2026_fc0910_seed6  2026_fc0910_seed7  2026_fc0910_seed8  2026_fc0910_seed9  2026_fc0910_seed10  2026_fc0910_deep20  2026_fc0910_fleet40  2026_fc0910_fleet20  2026_fc0910_stock7  2026_fc0910_stock7t  2026_fc0910_rail04  2026_fc0910_package  2026_fc0910_liq60  2026_fc0910_floors_m10  2026_fc0910_floors_p10  2026_fc0910_inv050  2026_fc0910_inv150  2026_fc0910_lr0  2026_fc0910_lr1
weeks                                39.000         42.000              31.000       42.000             31.000             31.000             31.000             31.000             31.000             31.000             31.000             31.000             31.000              31.000              31.000               31.000               31.000              31.000               31.000              31.000                31.00             31.000                  31.000                  31.000              31.000              31.000           31.000           31.000
EU_cum_mUSD                       22573.000      13521.000           84720.000    28102.000          19033.000          21422.000          12238.000          20430.000          21229.000          24890.000          19014.000          16626.000          12019.000           20418.000           11313.000            12547.000             2185.000            8343.000            16548.000           22615.000                 5.00          27637.000               11592.000               27637.000           94976.000            9086.000        22573.000        22573.000
EU_%quarter                           0.549          0.329               2.060        0.683              0.463              0.521              0.298              0.497              0.516              0.605              0.462              0.404              0.292               0.497               0.275                0.305                0.053               0.203                0.402               0.550                 0.00              0.672                   0.282                   0.672               2.310               0.221            0.549            0.549
EU_peak_%week                         0.975          0.658               5.300        1.842              0.820              0.951              0.603              0.913              0.818              1.174              0.846              0.543              0.540               0.780               0.473                0.519                0.194               0.473                0.709               0.977                 0.00              1.210                   0.482                   1.210               2.456               0.442            0.975            0.975
firms<99%_peak_%                      3.800          3.390               9.770        4.090              3.370              3.410              3.400              3.610              3.490              3.650              3.680              3.510              3.220               3.780               1.650                3.800                2.880               3.060                3.440               3.800                 0.12              3.940                   3.580                   3.940              16.360               3.050            3.800            3.800
cons_loss_cum_mUSD                26352.000      14936.000          101505.000    30246.000          20073.000          25494.000          14462.000          23766.000          24014.000          28115.000          20985.000          18755.000          13252.000           22304.000           11707.000            13723.000             2110.000            8247.000            19233.000           25810.000                 0.00          32726.000               12096.000               32726.000          124092.000            9031.000        25726.000        25726.000
cons_loss_peak_%                      1.235          0.823               6.540        1.975              1.075              1.147              0.763              1.188              1.019              1.431              0.963              0.666              0.574               0.997               0.662                0.680                0.150               0.373                0.942               1.238                 0.00              1.482                   0.662                   1.482               3.339               0.348            1.235            1.235
DEU_net_mUSD                      19124.000      11722.000           40298.000    17676.000          16107.000          18961.000          10044.000          17963.000          18860.000          22113.000          16334.000          14617.000           9228.000           18178.000            9783.000             9945.000             1627.000            6861.000            13843.000           19303.000                 1.00          24072.000                9832.000               24072.000           55144.000            7516.000        19266.000        19266.000
DEU_delay_mUSD                      386.200        204.900             598.500      321.200            266.300            274.900            161.300            233.800            285.700            334.300            255.300            247.900            110.800             214.300             126.000              130.700                9.100              75.000              184.700             262.700                 0.00            374.800                 127.200                 374.800             968.100              67.700          262.400          262.400
DEU_net_deferrable_mUSD            6131.000       3511.000           14869.000     5326.000           6180.000           6380.000           3733.000           5397.000           6517.000           7773.000           5782.000           5715.000           2610.000            4775.000            2522.000             2604.000              173.000            1565.000             4434.000            6279.000                 0.00           8204.000                2542.000                8204.000           22126.000            1398.000         6274.000         6274.000
DEU_gross_perishable_mUSD         12992.000       8211.000           25429.000    12351.000           9927.000          12581.000           6311.000          12566.000          12342.000          14340.000          10551.000           8902.000           6618.000           13403.000            7261.000             7341.000             1454.000            5296.000             9410.000           13023.000                 0.00          15867.000                7290.000               15867.000           33017.000            6118.000        12992.000        12992.000
EU_net_mUSD                       20787.000      12316.000           75713.000    24359.000          17626.000          19934.000          11456.000          19246.000          19850.000          23020.000          17585.000          15438.000          11215.000           19316.000           10437.000            11559.000             2047.000            7711.000            15182.000           20974.000                 5.00          25696.000               10654.000               25696.000           92433.000            8527.000        20936.000        20936.000
EU_delay_mUSD                       444.100        211.400            1109.100      411.900            289.100            289.900            209.100            256.800            302.600            350.500            283.300            268.200            156.000             226.200             130.000              173.500               18.500             105.100              227.800             305.600                 0.00            417.700                 138.300                 417.700            1427.300              99.500          305.300          305.300
EU_net_deferrable_mUSD             6885.000       3573.000           28424.000     6739.000           6568.000           6609.000           4682.000           5788.000           6769.000           8018.000           6318.000           6086.000           3471.000            4957.000            2565.000             3384.000              340.000            2053.000             5199.000            7041.000                 1.00           8955.000                2711.000                8955.000           34792.000            1927.000         7034.000         7034.000
EU_gross_perishable_mUSD          13902.000       8743.000           47290.000    17620.000          11058.000          13325.000           6773.000          13459.000          13080.000          15002.000          11267.000           9352.000           7744.000           14359.000            7872.000             8175.000             1707.000            5658.000             9984.000           13933.000                 4.00          16741.000                7943.000               16741.000           57641.000            6599.000        13902.000        13902.000
DEU_cum_mUSD                      20659.000      12790.000           44648.000    20241.000          17375.000          20266.000          10749.000          18958.000          20017.000          23765.000          17436.000          15699.000           9887.000           19117.000           10552.000            10739.000             1695.000            7247.000            14965.000           20700.000                 1.00          25762.000               10613.000               25762.000           56909.000            7853.000        20659.000        20659.000
DEU_%quarter                          2.163          1.339               4.674        2.119              1.819              2.121              1.125              1.985              2.095              2.488              1.825              1.643              1.035               2.001               1.105                1.124                0.177               0.759                1.567               2.167                 0.00              2.697                   1.111                   2.697               5.957               0.822            2.163            2.163
DEU_peak_%week                        4.154          2.810              10.158        4.739              3.368              4.003              2.427              3.828              3.411              4.996              3.410              2.267              2.101               3.270               1.886                1.904                0.627               1.976                2.919               4.165                 0.00              5.077                   1.889                   5.077               7.656               1.835            4.154            4.154
DEU_peak_week                        18.000         22.000              19.000       22.000             17.000             17.000             17.000             18.000             17.000             18.000             17.000             17.000             17.000              17.000              10.000               10.000                9.000              17.000               17.000              18.000                27.00             17.000                  10.000                  17.000              11.000              17.000           18.000           18.000
DEU_loss_weeks                       17.000         12.000              17.000       12.000             18.000             17.000             18.000             16.000             18.000             19.000             18.000             18.000             18.000              17.000              13.000               13.000                8.000              15.000               16.000              17.000                 0.00             19.000                  13.000                  19.000              25.000              15.000           17.000           17.000

== other countries ==
run                        2026_fc0910_base  2018_baseline  2026_fc0910_nopool  2018_nopool  2026_fc0910_seed1  2026_fc0910_seed2  2026_fc0910_seed3  2026_fc0910_seed4  2026_fc0910_seed5  2026_fc0910_seed6  2026_fc0910_seed7  2026_fc0910_seed8  2026_fc0910_seed9  2026_fc0910_seed10  2026_fc0910_deep20  2026_fc0910_fleet40  2026_fc0910_fleet20  2026_fc0910_stock7  2026_fc0910_stock7t  2026_fc0910_rail04  2026_fc0910_package  2026_fc0910_liq60  2026_fc0910_floors_m10  2026_fc0910_floors_p10  2026_fc0910_inv050  2026_fc0910_inv150  2026_fc0910_lr0  2026_fc0910_lr1
NLD_net_mUSD                         83.000         46.000            5063.000      204.000            157.000             83.000            193.000            131.000            123.000             91.000             71.000            100.000            185.000              82.000              69.000               94.000               37.000              69.000               70.000              90.000                  0.0             65.000                  76.000                  65.000            1569.000              72.000           88.000           88.000
NLD_delay_mUSD                        4.900          1.900              99.600       10.100              7.300              3.300              8.600              5.600              4.000              3.200              2.600              4.900              7.900               2.100               2.900                3.900                1.600               4.300                4.100               4.200                  0.0              3.900                   3.200                   3.900              30.200               4.400            4.100            4.100
NLD_net_deferrable_mUSD              38.000          9.000            3014.000      135.000            125.000             27.000            162.000             80.000             37.000             22.000             25.000             74.000            142.000              12.000              31.000               48.000               24.000              47.000               46.000              45.000                  0.0             33.000                  36.000                  33.000             752.000              50.000           43.000           43.000
NLD_gross_perishable_mUSD            44.000         37.000            2049.000       69.000             32.000             57.000             31.000             50.000             87.000             69.000             46.000             26.000             43.000              70.000              38.000               46.000               13.000              22.000               24.000              45.000                  0.0             32.000                  40.000                  32.000             818.000              22.000           44.000           44.000
AUT_net_mUSD                        177.000        109.000            4414.000     2068.000             24.000            116.000            120.000            266.000            112.000            153.000            131.000            126.000             29.000             209.000             150.000              173.000               64.000              13.000               24.000             177.000                  0.0            149.000                 158.000                 149.000            3496.000              76.000          177.000          177.000
AUT_delay_mUSD                        0.800          0.100              38.900       14.000              0.600              0.800              0.900              0.300              0.800              0.700              0.400              0.800              0.700               0.700               0.000                0.700                0.200               0.600                0.600               0.600                  0.0              0.600                   0.200                   0.600              56.100               0.600            0.600            0.600
AUT_net_deferrable_mUSD              11.000          1.000             891.000      202.000             11.000             14.000             16.000              4.000             13.000             12.000              6.000             14.000             14.000              12.000               0.000               12.000                4.000              10.000               11.000              11.000                  0.0             10.000                   3.000                  10.000            1378.000              11.000           11.000           11.000
AUT_gross_perishable_mUSD           166.000        108.000            3523.000     1865.000             12.000            102.000            104.000            262.000             98.000            141.000            125.000            113.000             15.000             197.000             150.000              161.000               60.000               3.000               13.000             166.000                  0.0            140.000                 155.000                 140.000            2117.000              65.000          166.000          166.000
FRA_net_mUSD                       1027.000        296.000            4475.000      499.000           1084.000            379.000            828.000            436.000            437.000            283.000            717.000            324.000           1505.000             423.000             301.000              977.000              203.000             557.000              938.000            1027.000                  0.0           1043.000                 397.000                1043.000           16186.000             615.000         1027.000         1027.000
FRA_delay_mUSD                       41.200          2.800             102.100       13.500              5.000              1.600             27.700              9.400              3.100              4.700             16.900              5.600             28.500               2.500               0.700               29.400                4.500              16.400               29.900              29.800                  0.0             30.600                   5.000                  30.600             243.000              17.600           29.800           29.800
FRA_net_deferrable_mUSD             570.000         35.000            2292.000      220.000             75.000             29.000            578.000            175.000             55.000             89.000            362.000            117.000            565.000              48.000               9.000              565.000               82.000             285.000              572.000             570.000                  0.0            582.000                  88.000                 582.000            7047.000             311.000          570.000          570.000
FRA_gross_perishable_mUSD           457.000        261.000            2182.000      279.000           1009.000            349.000            250.000            261.000            382.000            195.000            354.000            206.000            940.000             376.000             292.000              412.000              121.000             272.000              366.000             457.000                  0.0            461.000                 309.000                 461.000            9139.000             304.000          457.000          457.000
CHE_net_mUSD                         14.000          3.000             134.000        1.000              4.000             12.000              8.000              6.000              9.000             18.000              5.000              6.000              4.000              20.000               2.000               13.000                3.000               4.000               14.000              14.000                  0.0             14.000                   5.000                  14.000             894.000               4.000           14.000           14.000
CHE_delay_mUSD                        0.400          0.100               3.000        0.000              0.200              0.200              0.400              0.200              0.200              0.200              0.200              0.300              0.200               0.200               0.100                0.300                0.100               0.200                0.300               0.300                  0.0              0.300                   0.100                   0.300              19.200               0.200            0.300            0.300
CHE_net_deferrable_mUSD               6.000          2.000              79.000        1.000              4.000              5.000              8.000              4.000              4.000              4.000              4.000              6.000              4.000               4.000               2.000                5.000                1.000               4.000                5.000               6.000                  0.0              6.000                   3.000                   6.000             429.000               4.000            6.000            6.000
CHE_gross_perishable_mUSD             8.000          1.000              55.000        0.000              0.000              7.000              0.000              2.000              5.000             14.000              0.000              1.000              0.000              16.000               0.000                8.000                2.000               0.000                8.000               8.000                  0.0              9.000                   2.000                   9.000             466.000               0.000            8.000            8.000
BEL_net_mUSD                         22.000         11.000            4859.000     1223.000              9.000             22.000             37.000             22.000             11.000             17.000             27.000             24.000             26.000              17.000              12.000               21.000                8.000              13.000               23.000              22.000                  0.0             21.000                  13.000                  21.000            1436.000              13.000           22.000           22.000
BEL_delay_mUSD                        0.400          0.200              45.800       17.000              0.300              0.300              1.300              0.300              0.300              0.200              0.300              0.100              0.900               0.200               0.300                0.400                0.200               0.500                0.400               0.400                  0.0              0.400                   0.300                   0.400              11.400               0.500            0.400            0.400
BEL_net_deferrable_mUSD               2.000          0.000            1204.000      290.000              0.000              0.000             22.000              0.000              0.000              0.000              3.000              0.000             14.000               2.000               1.000                3.000                3.000               2.000                2.000               1.000                  0.0              2.000                   2.000                   2.000             295.000               3.000            2.000            2.000
BEL_gross_perishable_mUSD            20.000         10.000            3655.000      934.000              8.000             21.000             16.000             22.000             11.000             17.000             23.000             24.000             12.000              15.000              11.000               18.000                5.000              11.000               21.000              20.000                  0.0             20.000                  11.000                  20.000            1141.000              10.000           20.000           20.000
NLD_cum_mUSD                        184.000        115.000            5763.000      353.000            201.000            183.000            217.000            208.000            227.000            193.000            149.000            152.000            219.000             170.000             139.000              174.000               61.000             162.000              164.000             186.000                  0.0            159.000                 151.000                 159.000            1697.000             164.000          184.000          184.000
NLD_%quarter                          0.079          0.049               2.464        0.151              0.086              0.078              0.093              0.089              0.097              0.082              0.064              0.065              0.094               0.072               0.060                0.074                0.026               0.069                0.070               0.079                  0.0              0.068                   0.064                   0.068               0.726               0.070            0.079            0.079
NLD_peak_%week                        0.148          0.129              10.990        0.305              0.164              0.156              0.160              0.160              0.158              0.161              0.151              0.145              0.153               0.154               0.119                0.148                0.076               0.147                0.147               0.149                  0.0              0.131                   0.134                   0.131               1.102               0.148            0.148            0.148
NLD_peak_week                         9.000         16.000              21.000       21.000              9.000              8.000              9.000              9.000             13.000             13.000              9.000              9.000              9.000               9.000              13.000                9.000               10.000               9.000                9.000               9.000                 10.0              8.000                   9.000                   8.000              13.000               9.000            9.000            9.000
NLD_loss_weeks                       12.000         10.000              17.000       11.000             12.000             14.000             13.000             13.000             14.000             14.000             13.000             12.000             13.000              12.000              11.000               12.000                6.000              11.000               11.000              12.000                  0.0             13.000                  11.000                  13.000              25.000              12.000           12.000           12.000
AUT_cum_mUSD                        181.000        111.000            5002.000     2266.000             29.000            120.000            124.000            272.000            116.000            157.000            135.000            130.000             33.000             214.000             150.000              176.000               65.000              17.000               29.000             181.000                  0.0            154.000                 159.000                 154.000            3546.000              79.000          181.000          181.000
AUT_%quarter                          0.165          0.101               4.562        2.067              0.026              0.110              0.113              0.248              0.106              0.143              0.123              0.118              0.030               0.195               0.137                0.161                0.060               0.015                0.026               0.165                  0.0              0.140                   0.145                   0.140               3.234               0.072            0.165            0.165
AUT_peak_%week                        0.335          0.314               8.987        7.178              0.048              0.218              0.266              0.442              0.224              0.349              0.321              0.285              0.075               0.322               0.308                0.335                0.302               0.034                0.058               0.335                  0.0              0.356                   0.329                   0.356               3.950               0.241            0.335            0.335
AUT_peak_week                         9.000         16.000              19.000       23.000              8.000              9.000              8.000             11.000              9.000             11.000              9.000              8.000              9.000              12.000               9.000                9.000                9.000               9.000               17.000               9.000                 15.0              8.000                   9.000                   8.000              12.000               8.000            9.000            9.000
AUT_loss_weeks                       13.000          7.000              17.000       11.000              9.000             14.000             13.000             14.000             13.000             14.000             12.000             12.000             11.000              14.000              11.000               12.000                6.000               8.000               12.000              13.000                  0.0             15.000                  11.000                  15.000              25.000              12.000           13.000           13.000
FRA_cum_mUSD                       1101.000        330.000            5027.000      626.000           1132.000            395.000            843.000            478.000            470.000            327.000            915.000            340.000           1575.000             439.000             315.000             1041.000              233.000             641.000             1012.000            1101.000                  0.0           1124.000                 440.000                1124.000           16491.000             688.000         1101.000         1101.000
FRA_%quarter                          0.169          0.051               0.773        0.096              0.174              0.061              0.130              0.074              0.072              0.050              0.141              0.052              0.242               0.067               0.048                0.160                0.036               0.099                0.156               0.169                  0.0              0.173                   0.068                   0.173               2.536               0.106            0.169            0.169
FRA_peak_%week                        0.292          0.181               1.654        0.192              0.278              0.105              0.206              0.131              0.126              0.088              0.559              0.093              0.411               0.116               0.107                0.292                0.193               0.209                0.270               0.292                  0.0              0.270                   0.197                   0.270               6.014               0.214            0.292            0.292
FRA_peak_week                        10.000         16.000              17.000       21.000             15.000              8.000             15.000             16.000              9.000             15.000             16.000             15.000             16.000               9.000               9.000               10.000               14.000               9.000               10.000              10.000                 21.0             10.000                  14.000                  10.000              21.000               9.000           10.000           10.000
FRA_loss_weeks                       13.000          7.000              15.000       10.000             16.000             10.000             15.000             13.000             10.000             12.000             12.000             11.000             15.000              12.000               8.000               13.000                5.000              11.000               13.000              13.000                  0.0             14.000                  10.000                  14.000              25.000              11.000           13.000           13.000
CHE_cum_mUSD                         14.000          3.000             166.000        1.000              5.000             13.000              8.000              7.000              9.000             19.000              5.000              7.000              4.000              20.000               2.000               14.000                3.000               5.000               14.000              14.000                  0.0             15.000                   5.000                  15.000             919.000               5.000           14.000           14.000
CHE_%quarter                          0.007          0.001               0.082        0.001              0.002              0.006              0.004              0.003              0.005              0.009              0.002              0.003              0.002               0.010               0.001                0.007                0.002               0.002                0.007               0.007                  0.0              0.007                   0.003                   0.007               0.454               0.002            0.007            0.007
CHE_peak_%week                        0.014          0.008               0.558        0.003              0.004              0.019              0.008              0.007              0.010              0.026              0.005              0.007              0.004               0.031               0.003                0.014                0.009               0.004                0.014               0.014                  0.0              0.014                   0.010                   0.014               0.885               0.004            0.014            0.014
CHE_peak_week                         9.000         17.000              19.000       16.000              8.000             19.000              8.000             18.000             17.000             19.000              9.000              8.000              8.000              16.000              10.000                9.000               15.000               8.000                9.000               9.000                 27.0              9.000                  15.000                   9.000              12.000               8.000            9.000            9.000
CHE_loss_weeks                        3.000          0.000               5.000        0.000              0.000              2.000              0.000              0.000              1.000              4.000              0.000              0.000              0.000               4.000               0.000                3.000                0.000               0.000                3.000               3.000                  0.0              3.000                   1.000                   3.000              24.000               0.000            3.000            3.000
BEL_cum_mUSD                         40.000         23.000            5350.000     1405.000             24.000             39.000             43.000             42.000             27.000             31.000             40.000             34.000             35.000              29.000              28.000               37.000               13.000              31.000               42.000              40.000                  0.0             38.000                  29.000                  38.000            1482.000              31.000           40.000           40.000
BEL_%quarter                          0.029          0.017               3.930        1.032              0.017              0.029              0.032              0.031              0.020              0.023              0.029              0.025              0.026               0.021               0.020                0.027                0.009               0.023                0.031               0.030                  0.0              0.028                   0.021                   0.028               1.089               0.023            0.029            0.029
BEL_peak_%week                        0.057          0.050              15.117        6.697              0.054              0.058              0.063              0.058              0.053              0.052              0.058              0.088              0.059               0.054               0.052                0.057                0.027               0.057                0.057               0.057                  0.0              0.047                   0.053                   0.047               1.719               0.057            0.057            0.057
BEL_peak_week                         9.000         16.000              20.000       24.000              9.000              9.000              9.000              9.000              9.000              9.000             15.000              8.000              9.000               9.000               9.000                9.000                9.000               9.000                9.000               9.000                 26.0              8.000                   9.000                   8.000              13.000               9.000            9.000            9.000
BEL_loss_weeks                       11.000          9.000              17.000       12.000              7.000             11.000             11.000             15.000              7.000             10.000             10.000              7.000             10.000               8.000               8.000               10.000                5.000               9.000               12.000              11.000                  0.0             12.000                   8.000                  12.000              25.000               9.000           11.000           11.000

== weekly value-added loss of DEU (mUSD/week) ==
           2026_fc0910_base  2018_baseline  2026_fc0910_nopool  2018_nopool  2026_fc0910_seed1  2026_fc0910_seed2  2026_fc0910_seed3  2026_fc0910_seed4  2026_fc0910_seed5  2026_fc0910_seed6  2026_fc0910_seed7  2026_fc0910_seed8  2026_fc0910_seed9  2026_fc0910_seed10  2026_fc0910_deep20  2026_fc0910_fleet40  2026_fc0910_fleet20  2026_fc0910_stock7  2026_fc0910_stock7t  2026_fc0910_rail04  2026_fc0910_package  2026_fc0910_liq60  2026_fc0910_floors_m10  2026_fc0910_floors_p10  2026_fc0910_inv050  2026_fc0910_inv150  2026_fc0910_lr0  2026_fc0910_lr1
time_step                                                                                                                                                                                                                                                                                                                                                                                                                                                                                                                                                              
0                       0.0            0.0                 0.0          0.0                0.0                0.0                0.0                0.0                0.0                0.0                0.0                0.0                0.0                 0.0                 0.0                  0.0                  0.0                 0.0                  0.0                 0.0                  0.0                0.0                     0.0                     0.0                 0.0                 0.0              0.0              0.0
1                       0.0            0.0                 0.0          0.0                0.0                0.0                0.0                0.0                0.0                0.0                0.0                0.0                0.0                 0.0                 0.0                  0.0                  0.0                 0.0                  0.0                 0.0                  0.0                0.0                     0.0                     0.0                 0.0                 0.0              0.0              0.0
2                       0.0            0.0                 0.0          0.0                0.0                0.0                0.0                0.0                0.0                0.0                0.0                0.0                0.0                 0.0                 0.0                  0.0                  0.0                 0.0                  0.0                 0.0                  0.0                0.0                     0.0                     0.0                 0.0                 0.0              0.0              0.0
3                       0.0            0.0                 0.0          0.0                0.0                0.0                0.0                0.0                0.0                0.0                0.0                0.0                0.0                 0.0                 0.0                  0.0                  0.0                 0.0                  0.0                 0.0                  0.0                0.0                     0.0                     0.0                 0.0                 0.0              0.0              0.0
4                       0.0            0.0                 0.0          0.0                0.0                0.0                0.0                0.0                0.0                0.0                0.0                0.0                0.0                 0.0                 0.0                  0.0                  0.0                 0.0                  0.0                 0.0                  0.0                0.0                     0.0                     0.0                 0.0                 0.0              0.0              0.0
5                       0.0            0.0                 0.0          0.0                0.0                0.0                0.0                0.0                0.0                0.0                0.0                0.0                0.0                 0.0                 0.0                  0.0                  0.0                 0.0                  0.0                 0.0                  0.0              431.8                     0.0                   431.8                 0.0                 0.0              0.0              0.0
6                       0.0            0.0                 0.0          0.0                0.0                0.0                0.0                0.0                0.0                0.0                0.0                0.0                0.0                 0.0                 0.0                  0.0                  0.0                 0.0                  0.0                 0.0                  0.0               87.9                     0.0                    87.9                 0.0                 0.0              0.0              0.0
7                     460.7            0.0               375.2          0.0              590.9              565.8              518.6              621.4              799.1              553.8              462.7              587.2              468.1               693.2               431.8                460.7                  0.0                38.6                 61.6               460.7                  0.0              688.3                   431.8                   688.3               737.5               152.9            460.7            460.7
8                     730.8            0.0               694.2          0.0              811.4              822.3              555.3              822.8             1166.6              838.3              693.4              951.3              515.5               953.2               696.9                730.8                  0.0               346.0                414.4               730.9                  0.0             1183.1                   696.9                  1183.1              1574.2               418.5            730.8            730.8
9                    1201.8            0.0              1292.5          0.0              780.1             1170.2              490.7             1319.9             1481.6             1276.9             1065.8             1033.2              460.6              1451.6              1175.8               1201.8                460.7               517.1                610.2              1206.0                  0.0             1415.8                  1204.7                  1415.8              2355.7               525.1           1201.8           1201.8
10                   1399.3            0.0              1648.4          0.0              777.5             1374.1              482.8             1443.6             1561.3             1468.1             1225.5              988.7              464.2              1676.1              1385.6               1399.3                 94.8               535.4               1128.0              1401.4                  0.0             1614.6                  1388.2                  1614.6              3977.0               838.2           1399.3           1399.3
11                   1096.9            0.0              1532.8          0.0              589.9             1287.0              557.6             1413.3             1195.8             1252.5             1001.9              654.8              394.4              1199.5              1077.2               1096.9                114.9               542.5                915.7              1099.2                  0.0             1293.5                  1082.7                  1293.5              5625.7               700.1           1096.9           1096.9
12                    380.3            0.0               761.6          0.0              891.7              716.7              454.5              439.9              379.2              690.6              873.2              608.9              340.2               704.2               372.0                380.3                 28.9                23.1                 51.8               380.5                  0.0             1468.3                   373.1                  1468.3              5609.0                27.5            380.3            380.3
13                    228.2            0.0               493.4          0.0              276.9              420.4              128.6              324.6              332.2              378.1              375.3              433.2              159.9               866.8               213.0                228.2                  0.3               102.2                129.2               228.3                  0.0             1328.0                   213.4                  1328.0              4610.5               125.9            228.2            228.2
14                    554.5            0.0               940.9          0.0              771.7              718.5              506.8              521.8              946.2              733.2              704.0              903.3              484.5               961.4               529.8                554.5                456.5               400.8                432.5               555.3                  0.0             1238.7                   555.0                  1238.7              3066.7               398.5            554.5            554.5
15                   1228.6          431.8              2180.6        361.8             1014.1             1313.3              692.2             1381.7             1571.3             1506.3             1271.1             1068.0              733.4              1530.4              1204.4               1228.6                393.9               967.1               1061.5              1236.5                  0.0             1798.0                  1211.1                  1798.0              2752.9               996.0           1228.6           1228.6
16                   1771.8          725.8              3232.6        690.4             1421.6             1912.6             1145.6             2000.8             2105.8             2416.2             1911.5             1256.0             1019.3              2050.8              1228.2               1232.4                124.8              1345.2               1634.2              1776.8                  0.0             2762.7                  1229.1                  2762.7              3232.8              1255.2           1771.8           1771.8
17                   2844.5          731.0              4755.0        869.3             2474.6             2941.4             1783.2             2541.2             2506.6             3439.2             2505.6             1666.1             1543.6              2403.0              1317.0               1305.8                 18.1              1452.0               2145.1              2849.5                  0.0             3730.7                  1309.1                  3730.7              4779.9              1348.5           2844.5           2844.5
18                   3052.1          603.8              6618.3        802.2             2387.4             2762.9             1541.4             2813.1             2024.7             3670.9             2130.4             1552.4             1309.3              2219.9               906.3                905.1                  2.1               799.5               2090.8              3060.8                  0.0             3298.3                   904.1                  3298.3              5225.3               807.0           3052.1           3052.1
19                   2515.6         1147.4              7464.6       1397.5             2061.9             1866.4             1097.1             1890.6             1308.4             2677.5             1695.7             1357.1              954.3              1405.7                13.3                 13.6                  0.1               133.4               2139.9              2517.8                  0.0             1811.2                    13.3                  1811.2              4843.6               226.9           2515.6           2515.6
20                   1796.2         1425.6              6947.6       1958.5             1273.0             1444.4              397.4             1099.9             1030.0             1663.3              849.3              960.8              470.2               560.4                 0.5                  0.6                  0.0                32.8               1278.7              1796.2                  0.0             1125.1                     0.5                  1125.1              3776.0                24.5           1796.2           1796.2
21                    836.4         1691.9              4186.4       2678.2              826.7              662.0              217.4              267.6              867.8              601.9              449.4              797.1              322.0               303.0                 0.0                  0.1                  0.0                10.5                575.3               838.9                  0.0              359.4                     0.0                   359.4              2145.4                 7.9            836.4            836.4
22                    415.2         2065.1              1411.1       3482.1              333.7              217.1              131.6               55.9              458.1              270.1              114.2              497.5              160.3               122.3                 0.0                  0.0                  0.0                 0.8                295.6               415.0                  0.0              116.7                     0.0                   116.7              1053.1                 0.1            415.2            415.2
23                    145.6         1765.2                93.6       3311.1               55.3               70.4               34.9                0.1              156.9              153.9               34.8              226.9               61.1                15.2                 0.0                  0.0                  0.0                 0.1                  0.8               145.6                  0.0                9.0                     0.0                     9.0               570.6                 0.0            145.6            145.6
24                      0.1         1510.5                 3.2       2978.5               36.7                0.1               13.1                0.1              124.9              164.7               72.4              156.0               25.4                 0.1                 0.0                  0.0                  0.0                 0.0                  0.1                 0.1                  0.0                1.2                     0.0                     1.2               342.1                 0.0              0.1              0.1
25                      0.0          566.4                 1.7       1236.5                0.0                0.0                0.0                0.0                0.0                9.5                0.0                0.0                0.0                 0.0                 0.0                  0.0                  0.0                 0.0                  0.0                 0.0                  0.0                0.1                     0.0                     0.1               162.6                 0.0              0.0              0.0
26                      0.0          124.5                 2.2        460.1                0.0                0.0                0.0                0.0                0.0                0.0                0.0                0.0                0.0                 0.0                 0.0                  0.0                  0.0                 0.0                  0.0                 0.0                  0.0                0.0                     0.0                     0.0               118.6                 0.0              0.0              0.0
27                      0.0            0.5                 2.5          6.4                0.0                0.0                0.0                0.0                0.0                0.0                0.0                0.0                0.0                 0.0                 0.0                  0.0                  0.0                 0.0                  0.0                 0.0                  0.0                0.0                     0.0                     0.0                94.9                 0.0              0.0              0.0
28                      0.0            0.1                 2.5          1.4                0.0                0.0                0.0                0.0                0.0                0.0                0.0                0.0                0.0                 0.0                 0.0                  0.0                  0.0                 0.0                  0.0                 0.0                  0.0                0.0                     0.0                     0.0                81.3                 0.0              0.0              0.0
29                      0.0            0.0                 2.5          1.1                0.0                0.0                0.0                0.0                0.0                0.0                0.0                0.0                0.0                 0.0                 0.0                  0.0                  0.0                 0.0                  0.0                 0.0                  0.0                0.0                     0.0                     0.0                68.0                 0.0              0.0              0.0
30                      0.0            0.0                 2.4          1.2                0.0                0.0                0.0                0.0                0.0                0.0                0.0                0.0                0.0                 0.0                 0.0                  0.0                  0.0                 0.0                  0.0                 0.0                  0.0                0.0                     0.0                     0.0                59.5                 0.0              0.0              0.0
31                      0.0            0.0                 2.2          1.2                0.0                0.0                0.0                0.0                0.0                0.0                0.0                0.0                0.0                 0.0                 0.0                  0.0                  0.0                 0.0                  0.0                 0.0                  0.0                0.0                     0.0                     0.0                46.2                 0.0              0.0              0.0
32                      0.0            0.0                 NaN          1.2                NaN                NaN                NaN                NaN                NaN                NaN                NaN                NaN                NaN                 NaN                 NaN                  NaN                  NaN                 NaN                  NaN                 NaN                  NaN                NaN                     NaN                     NaN                 NaN                 NaN              NaN              NaN
33                      0.0            0.0                 NaN          1.0                NaN                NaN                NaN                NaN                NaN                NaN                NaN                NaN                NaN                 NaN                 NaN                  NaN                  NaN                 NaN                  NaN                 NaN                  NaN                NaN                     NaN                     NaN                 NaN                 NaN              NaN              NaN
34                      0.0            0.0                 NaN          0.7                NaN                NaN                NaN                NaN                NaN                NaN                NaN                NaN                NaN                 NaN                 NaN                  NaN                  NaN                 NaN                  NaN                 NaN                  NaN                NaN                     NaN                     NaN                 NaN                 NaN              NaN              NaN
35                      0.0            0.0                 NaN          0.4                NaN                NaN                NaN                NaN                NaN                NaN                NaN                NaN                NaN                 NaN                 NaN                  NaN                  NaN                 NaN                  NaN                 NaN                  NaN                NaN                     NaN                     NaN                 NaN                 NaN              NaN              NaN
36                      0.0            0.0                 NaN          0.2                NaN                NaN                NaN                NaN                NaN                NaN                NaN                NaN                NaN                 NaN                 NaN                  NaN                  NaN                 NaN                  NaN                 NaN                  NaN                NaN                     NaN                     NaN                 NaN                 NaN              NaN              NaN
37                      0.0            0.0                 NaN          0.0                NaN                NaN                NaN                NaN                NaN                NaN                NaN                NaN                NaN                 NaN                 NaN                  NaN                  NaN                 NaN                  NaN                 NaN                  NaN                NaN                     NaN                     NaN                 NaN                 NaN              NaN              NaN
38                      0.0            0.0                 NaN          0.0                NaN                NaN                NaN                NaN                NaN                NaN                NaN                NaN                NaN                 NaN                 NaN                  NaN                  NaN                 NaN                  NaN                 NaN                  NaN                NaN                     NaN                     NaN                 NaN                 NaN              NaN              NaN
39                      0.0            0.0                 NaN          0.0                NaN                NaN                NaN                NaN                NaN                NaN                NaN                NaN                NaN                 NaN                 NaN                  NaN                  NaN                 NaN                  NaN                 NaN                  NaN                NaN                     NaN                     NaN                 NaN                 NaN              NaN              NaN
40                      NaN            0.0                 NaN          0.0                NaN                NaN                NaN                NaN                NaN                NaN                NaN                NaN                NaN                 NaN                 NaN                  NaN                  NaN                 NaN                  NaN                 NaN                  NaN                NaN                     NaN                     NaN                 NaN                 NaN              NaN              NaN
41                      NaN            0.0                 NaN          0.0                NaN                NaN                NaN                NaN                NaN                NaN                NaN                NaN                NaN                 NaN                 NaN                  NaN                  NaN                 NaN                  NaN                 NaN                  NaN                NaN                     NaN                     NaN                 NaN                 NaN              NaN              NaN
42                      NaN            0.0                 NaN          0.0                NaN                NaN                NaN                NaN                NaN                NaN                NaN                NaN                NaN                 NaN                 NaN                  NaN                  NaN                 NaN                  NaN                 NaN                  NaN                NaN                     NaN                     NaN                 NaN                 NaN              NaN              NaN

written /projects/disruptsc/runs/rhine2026/compare_runs_batch.csv
