== cumulated value-added loss (mUSD), % of a quarter, peak week (% of a week's VA), loss weeks (> 0.01 % of a week) ==
   gross = weekly shortfalls clipped at zero; net = backlog left at the end for goods and construction (A-F) + gross for the perishable sectors; delay = carrying cost of the backlog while outstanding
run                        2026_cal_base  2026_cal_nopool  2018_cal_nopool  2026_cal_seed1  2026_cal_seed2  2026_cal_seed3  2026_cal_seed4  2026_cal_seed5  2026_cal_seed6  2026_cal_seed7  2026_cal_seed8  2026_cal_seed9  2026_cal_seed10  2026_cal_deep20  2026_cal_fleet40  2026_cal_fleet20  2026_cal_stock7  2026_cal_stock7t  2026_cal_package  2026_cal_liq60
weeks                             39.000           31.000           42.000          31.000          31.000          31.000          31.000          31.000          31.000          31.000          31.000          31.000           31.000           31.000            31.000            31.000           31.000            31.000              31.0          31.000
EU_cum_mUSD                     6257.000        10144.000         4996.000        6008.000        6415.000        4097.000        6560.000        8020.000        6598.000        4075.000        4905.000        4535.000         6804.000         3452.000          4191.000           487.000         4127.000          8218.000               5.0        8268.000
EU_%quarter                        0.152            0.247            0.121           0.146           0.156           0.100           0.160           0.195           0.160           0.099           0.119           0.110            0.165            0.084             0.102             0.012            0.100             0.200               0.0           0.201
EU_peak_%week                      0.353            0.568            0.413           0.292           0.322           0.189           0.348           0.412           0.368           0.196           0.258           0.214            0.318            0.254             0.286             0.060            0.216             0.489               0.0           0.392
firms<99%_peak_%                   2.910            3.010            2.650           2.840           2.660           2.710           2.690           2.880           2.820           2.690           2.830           2.670            2.810            0.810             2.910             2.210            2.790             3.360               0.1           2.940
cons_loss_cum_mUSD              5420.000         8894.000         3801.000        3652.000        6105.000        3082.000        5383.000        5993.000        5435.000        3626.000        4575.000        3400.000         6125.000         2781.000          3638.000           420.000         3687.000          9092.000               0.0        7559.000
cons_loss_peak_%                   0.247            0.371            0.232           0.145           0.259           0.118           0.254           0.267           0.246           0.151           0.194           0.129            0.233            0.165             0.193             0.050            0.163             0.466               0.0           0.298
DEU_net_mUSD                    5002.000         7487.000         3868.000        4511.000        5452.000        2865.000        5666.000        7011.000        5804.000        3338.000        4094.000        2956.000         5910.000         2962.000          3045.000           177.000         2996.000          6491.000               1.0        6878.000
DEU_delay_mUSD                    49.500           62.100           32.300          36.800          44.500          13.700          31.100          48.400          45.400          38.400          35.000           8.900           31.100           18.200            22.500             3.400           23.400            62.500               0.0          54.600
DEU_net_deferrable_mUSD          710.000         1068.000          444.000         750.000         898.000         254.000         630.000         976.000         934.000         777.000         705.000         135.000          604.000          324.000           401.000            50.000          444.000          1357.000               0.0        1056.000
DEU_gross_perishable_mUSD       4292.000         6419.000         3424.000        3761.000        4553.000        2612.000        5036.000        6035.000        4870.000        2562.000        3389.000        2821.000         5305.000         2638.000          2644.000           127.000         2552.000          5133.000               0.0        5822.000
EU_net_mUSD                     5874.000         9077.000         4496.000        5710.000        6073.000        3913.000        6225.000        7647.000        6248.000        3800.000        4654.000        4297.000         6464.000         3251.000          3881.000           365.000         3764.000          7784.000               5.0        7738.000
EU_delay_mUSD                     89.500           93.100           39.500          59.800          61.000          50.500          51.100          66.000          60.100          54.900          53.100          40.400           45.100           22.600            52.200            10.300           51.000           105.900               0.0          84.300
EU_net_deferrable_mUSD          1210.000         1548.000          529.000        1145.000        1162.000        1006.000         967.000        1257.000        1163.000        1055.000        1029.000         740.000          824.000          382.000           914.000           170.000          902.000          2132.000               1.0        1533.000
EU_gross_perishable_mUSD        4664.000         7529.000         3967.000        4564.000        4912.000        2906.000        5258.000        6390.000        5085.000        2745.000        3625.000        3556.000         5640.000         2869.000          2967.000           195.000         2862.000          5652.000               4.0        6205.000
DEU_cum_mUSD                    5178.000         8226.000         4252.000        4675.000        5647.000        2988.000        5856.000        7230.000        6003.000        3500.000        4259.000        3080.000         6110.000         3080.000          3181.000           241.000         3158.000          6684.000               1.0        7184.000
DEU_%quarter                       0.542            0.861            0.445           0.489           0.591           0.313           0.613           0.757           0.628           0.366           0.446           0.322            0.640            0.322             0.333             0.025            0.331             0.700               0.0           0.752
DEU_peak_%week                     1.418            2.208            1.575           1.009           1.298           0.606           1.437           1.682           1.542           0.764           1.012           0.652            1.299            1.023             1.040             0.171            0.872             1.979               0.0           1.519
DEU_peak_week                     17.000           17.000           21.000          15.000          16.000          15.000          17.000          16.000          17.000          17.000          15.000          17.000           17.000           15.000            15.000            14.000           17.000            17.000              27.0          15.000
DEU_loss_weeks                    14.000           13.000            9.000          14.000          14.000          10.000          13.000          14.000          14.000          13.000          13.000          10.000           13.000           10.000            11.000             5.000           12.000            16.000               0.0          16.000

== other countries ==
run                        2026_cal_base  2026_cal_nopool  2018_cal_nopool  2026_cal_seed1  2026_cal_seed2  2026_cal_seed3  2026_cal_seed4  2026_cal_seed5  2026_cal_seed6  2026_cal_seed7  2026_cal_seed8  2026_cal_seed9  2026_cal_seed10  2026_cal_deep20  2026_cal_fleet40  2026_cal_fleet20  2026_cal_stock7  2026_cal_stock7t  2026_cal_package  2026_cal_liq60
NLD_net_mUSD                      86.000          118.000           79.000         169.000          71.000         203.000         133.000          82.000          58.000          79.000         114.000         181.000           60.000           63.000            92.000            44.000          102.000            76.000               0.0          78.000
NLD_delay_mUSD                     6.000            6.000            4.300           7.500           4.100           8.700           6.300           4.700           3.500           4.100           5.500           8.000            3.500            3.300             4.600             1.800            5.200             4.100               0.0           4.900
NLD_net_deferrable_mUSD           60.000           84.000           56.000         135.000          46.000         168.000         101.000          54.000          33.000          54.000          90.000         149.000           34.000           43.000            67.000            32.000           71.000            48.000               0.0          54.000
NLD_gross_perishable_mUSD         25.000           33.000           23.000          34.000          25.000          35.000          32.000          28.000          24.000          24.000          24.000          32.000           26.000           20.000            25.000            12.000           31.000            27.000               0.0          24.000
AUT_net_mUSD                      15.000          475.000          215.000          13.000          17.000          19.000           8.000          17.000          15.000           9.000          17.000          15.000           17.000            1.000            15.000             5.000           14.000            24.000               0.0          13.000
AUT_delay_mUSD                     0.900            1.100            0.200           0.600           0.800           0.900           0.300           0.800           0.700           0.400           0.800           0.700            0.800            0.000             0.700             0.200            0.700             0.700               0.0           0.600
AUT_net_deferrable_mUSD           12.000           17.000            1.000          11.000          15.000          16.000           5.000          15.000          13.000           7.000          14.000          13.000           15.000            0.000            12.000             4.000           12.000            11.000               0.0          11.000
AUT_gross_perishable_mUSD          2.000          459.000          213.000           2.000           2.000           3.000           3.000           2.000           2.000           2.000           3.000           2.000            2.000            1.000             2.000             1.000            2.000            12.000               0.0           2.000
FRA_net_mUSD                     529.000          638.000          233.000         766.000         268.000         543.000         204.000         298.000         132.000         148.000         187.000         935.000          279.000          196.000           490.000            47.000          408.000           896.000               0.0         547.000
FRA_delay_mUSD                    19.800           16.400            0.800           4.400           0.800          16.200           4.400           2.000           1.600           2.700           2.200          14.300            1.500            0.500            14.600             1.500           11.600            30.000               0.0          14.900
FRA_net_deferrable_mUSD          255.000          261.000            5.000          63.000          11.000         361.000          73.000          32.000          25.000          49.000          39.000         290.000           25.000            6.000           255.000            19.000          196.000           574.000               0.0         256.000
FRA_gross_perishable_mUSD        274.000          377.000          228.000         703.000         257.000         182.000         132.000         266.000         107.000          99.000         147.000         645.000          254.000          190.000           235.000            28.000          211.000           322.000               0.0         291.000
CHE_net_mUSD                       4.000            5.000            1.000           4.000           4.000           4.000           4.000           4.000           4.000           4.000           4.000           4.000            4.000            0.000             4.000             1.000            4.000            14.000               0.0           4.000
CHE_delay_mUSD                     0.300            0.200            0.000           0.200           0.200           0.200           0.200           0.200           0.200           0.200           0.200           0.200            0.200            0.000             0.200             0.100            0.200             0.300               0.0           0.200
CHE_net_deferrable_mUSD            4.000            4.000            1.000           4.000           4.000           4.000           4.000           4.000           4.000           4.000           4.000           4.000            4.000            0.000             4.000             1.000            4.000             5.000               0.0           4.000
CHE_gross_perishable_mUSD          0.000            1.000            1.000           0.000           0.000           0.000           0.000           0.000           0.000           0.000           0.000           0.000            0.000            0.000             0.000             0.000            0.000             8.000               0.0           0.000
BEL_net_mUSD                      16.000           30.000           23.000          11.000          13.000          41.000          18.000          11.000          10.000          14.000           7.000          29.000           13.000           17.000            19.000            10.000           19.000            26.000               0.0          15.000
BEL_delay_mUSD                     0.700            1.000            0.700           0.300           0.400           1.300           0.600           0.400           0.200           0.400           0.100           0.900            0.400            0.500             0.600             0.300            0.600             0.400               0.0           0.600
BEL_net_deferrable_mUSD            5.000           11.000            9.000           0.000           1.000          23.000           4.000           1.000           0.000           3.000           0.000          14.000            3.000            6.000             7.000             4.000            6.000             2.000               0.0           3.000
BEL_gross_perishable_mUSD         12.000           19.000           15.000          11.000          12.000          19.000          14.000          10.000           9.000          10.000           7.000          15.000           10.000           11.000            12.000             6.000           13.000            23.000               0.0          11.000
NLD_cum_mUSD                     168.000          198.000          125.000         207.000         157.000         220.000         197.000         170.000         145.000         145.000         157.000         207.000          150.000          119.000           155.000            61.000          178.000           168.000               0.0         160.000
NLD_%quarter                       0.072            0.085            0.054           0.089           0.067           0.094           0.084           0.073           0.062           0.062           0.067           0.089            0.064            0.051             0.066             0.026            0.076             0.072               0.0           0.068
NLD_peak_%week                     0.147            0.141            0.118           0.160           0.142           0.157           0.156           0.153           0.141           0.137           0.140           0.150            0.139            0.115             0.147             0.075            0.147             0.147               0.0           0.134
NLD_peak_week                      9.000           10.000           16.000           9.000           9.000           9.000           9.000           9.000           8.000           8.000           9.000           9.000            9.000            9.000             9.000            10.000            9.000             9.000              23.0           9.000
NLD_loss_weeks                    12.000           12.000            8.000          12.000          11.000          13.000          12.000          11.000          11.000          11.000          11.000          12.000           11.000           10.000            10.000             6.000           12.000            11.000               0.0          13.000
AUT_cum_mUSD                      17.000          497.000          220.000          18.000          20.000          22.000          12.000          19.000          17.000          11.000          19.000          19.000           19.000            1.000            17.000             6.000           16.000            28.000               0.0          16.000
AUT_%quarter                       0.015            0.453            0.201           0.016           0.018           0.020           0.011           0.018           0.016           0.010           0.018           0.017            0.017            0.001             0.015             0.005            0.015             0.026               0.0           0.015
AUT_peak_%week                     0.034            1.204            0.622           0.034           0.035           0.038           0.024           0.037           0.031           0.024           0.038           0.034            0.038            0.007             0.034             0.023            0.031             0.050               0.0           0.028
AUT_peak_week                      9.000           19.000           21.000           8.000           8.000           9.000           8.000           9.000           8.000           9.000           9.000           8.000            9.000            9.000             9.000             9.000            8.000            17.000              15.0           8.000
AUT_loss_weeks                     8.000           13.000            8.000           7.000           9.000           9.000           8.000           9.000           8.000           7.000           7.000           9.000            8.000            0.000             8.000             3.000            8.000            12.000               0.0           9.000
FRA_cum_mUSD                     607.000          790.000          266.000         813.000         282.000         560.000         241.000         316.000         150.000         161.000         197.000         989.000          291.000          205.000           563.000            79.000          487.000           968.000               0.0         628.000
FRA_%quarter                       0.093            0.121            0.041           0.125           0.043           0.086           0.037           0.049           0.023           0.025           0.030           0.152            0.045            0.032             0.087             0.012            0.075             0.149               0.0           0.097
FRA_peak_%week                     0.207            0.245            0.131           0.261           0.091           0.190           0.076           0.111           0.049           0.051           0.064           0.333            0.095            0.081             0.207             0.056            0.181             0.272               0.0           0.199
FRA_peak_week                      9.000           10.000           16.000          15.000           9.000          15.000          15.000           9.000           9.000          15.000           9.000          15.000            9.000            9.000             9.000            14.000           14.000            15.000              21.0           9.000
FRA_loss_weeks                    11.000           11.000            6.000          10.000           8.000          15.000          10.000           9.000           9.000          10.000           9.000          14.000            8.000            6.000            11.000             5.000           11.000            13.000               0.0          11.000
CHE_cum_mUSD                       4.000            6.000            2.000           4.000           5.000           4.000           4.000           5.000           4.000           5.000           5.000           4.000            5.000            0.000             4.000             1.000            4.000            14.000               0.0           4.000
CHE_%quarter                       0.002            0.003            0.001           0.002           0.002           0.002           0.002           0.002           0.002           0.002           0.002           0.002            0.002            0.000             0.002             0.001            0.002             0.007               0.0           0.002
CHE_peak_%week                     0.004            0.006            0.003           0.004           0.004           0.004           0.004           0.004           0.004           0.004           0.004           0.004            0.004            0.001             0.004             0.003            0.004             0.014               0.0           0.004
CHE_peak_week                      8.000           10.000           16.000           8.000           9.000           8.000           8.000           9.000           8.000           9.000           8.000           8.000            8.000           10.000             8.000             9.000            8.000             9.000              27.0           8.000
CHE_loss_weeks                     0.000            0.000            0.000           0.000           0.000           0.000           0.000           0.000           0.000           0.000           0.000           0.000            0.000            0.000             0.000             0.000            0.000             3.000               0.0           0.000
BEL_cum_mUSD                      33.000           49.000           35.000          28.000          32.000          47.000          37.000          28.000          25.000          28.000          18.000          39.000           28.000           29.000            31.000            14.000           36.000            45.000               0.0          31.000
BEL_%quarter                       0.024            0.036            0.026           0.020           0.023           0.035           0.027           0.020           0.018           0.020           0.013           0.029            0.020            0.021             0.023             0.010            0.026             0.033               0.0           0.022
BEL_peak_%week                     0.057            0.062            0.055           0.053           0.057           0.063           0.058           0.053           0.052           0.053           0.047           0.059            0.055            0.051             0.057             0.027            0.057             0.057               0.0           0.050
BEL_peak_week                      9.000           10.000           21.000           9.000           9.000           9.000           9.000           9.000           9.000           9.000           8.000           9.000            9.000            9.000             9.000             9.000            9.000             9.000              26.0           9.000
BEL_loss_weeks                     9.000           12.000            8.000           8.000           9.000          12.000          10.000           9.000           8.000           8.000           6.000          10.000            8.000            8.000             8.000             5.000           10.000            12.000               0.0           9.000

# 2026_cal_stock7t: row and weekly column replaced by the laptop rerun of 16 Sep 19:39 (inventory-helper fix, KI-36); the summary table above still shows the wrong-scale cluster run for that name
== weekly value-added loss of DEU (mUSD/week) ==
           2026_cal_base  2026_cal_nopool  2018_cal_nopool  2026_cal_seed1  2026_cal_seed2  2026_cal_seed3  2026_cal_seed4  2026_cal_seed5  2026_cal_seed6  2026_cal_seed7  2026_cal_seed8  2026_cal_seed9  2026_cal_seed10  2026_cal_deep20  2026_cal_fleet40  2026_cal_fleet20  2026_cal_stock7  2026_cal_stock7t  2026_cal_package  2026_cal_liq60
time_step                                                                                                                                                                                                                                                                                                                                            
0                    0.0              0.0              0.0             0.0             0.0             0.0             0.0             0.0             0.0             0.0             0.0             0.0              0.0              0.0               0.0               0.0              0.0               0.0               0.0             0.0
1                    0.0              0.0              0.0             0.0             0.0             0.0             0.0             0.0             0.0             0.0             0.0             0.0              0.0              0.0               0.0               0.0              0.0               0.0               0.0             0.0
2                    0.0              0.0              0.0             0.0             0.0             0.0             0.0             0.0             0.0             0.0             0.0             0.0              0.0              0.0               0.0               0.0              0.0               0.0               0.0             0.0
3                    0.0              0.0              0.0             0.0             0.0             0.0             0.0             0.0             0.0             0.0             0.0             0.0              0.0              0.0               0.0               0.0              0.0               0.0               0.0             0.0
4                    0.0              0.0              0.0             0.0             0.0             0.0             0.0             0.0             0.0             0.0             0.0             0.0              0.0              0.0               0.0               0.0              0.0               0.0               0.0             0.0
5                    0.0              0.0              0.0             0.0             0.0             0.0             0.0             0.0             0.0             0.0             0.0             0.0              0.0              0.0               0.0               0.0              0.0               0.0               0.0            27.3
6                    0.0              0.0              0.0             0.0             0.0             0.0             0.0             0.0             0.0             0.0             0.0             0.0              0.0              0.0               0.0               0.0              0.0               0.0               0.0            26.1
7                   38.6             38.6              0.0            35.2            93.7            24.6            64.1            52.5            47.7            37.4            53.7            25.2             94.5             27.3              38.6               0.0             38.6              38.6               0.0           261.3
8                  295.8            331.5              0.0           503.4           399.2           385.3           440.1           599.7           386.0           324.2           424.5           335.8            541.2            281.5             295.8               0.0             53.4              53.4               0.0           403.0
9                  402.9            445.5              0.0           528.1           514.7           393.5           506.4           764.6           496.3           372.0           537.5           407.3            651.2            387.9             402.9              38.6            260.7             267.2               0.0           454.9
10                 437.2            633.4              0.0           602.3           573.8           353.4           467.3           822.5           535.4           438.9           525.0           385.6            672.9            423.3             437.2              32.5            363.2             408.5               0.0           511.3
11                 107.3            192.0              0.0            27.6           124.2            11.1           272.5            56.2            77.8            32.2            35.5            16.3             50.0            101.7             107.3               8.9             33.1              33.0               0.0           495.9
12                   8.7             42.4              0.0            12.0            16.5             2.9             4.8            18.0            14.9            13.9            11.2             2.8              6.9              6.9               8.7               1.3              5.9               5.8               0.0           143.8
13                  76.3            224.0              0.0           171.6           155.3            99.1            94.1           172.0           111.0           108.7           166.2            84.1            241.6             68.1              76.3               0.1             31.8              30.6               0.0           392.2
14                 427.5            606.4              0.0           551.5           578.0           403.8           482.6           838.7           533.3           450.6           566.7           398.5            678.3            416.4             427.5             125.9            380.7             373.7               0.0           764.5
15                 764.1           1156.7             27.3           741.2           838.7           445.3           850.8          1108.9           911.1           552.1           743.6           460.4            924.1            751.9             764.1              27.5            436.7             427.4               0.0          1116.3
16                1037.8           1487.3            328.7           721.7           953.7           427.5          1040.6          1235.6          1064.5           547.0           581.7           478.8            890.9            600.4             605.3               5.2            512.5             674.0               0.0          1089.3
17                1041.9           1622.8             34.1           702.2           942.1           433.8          1056.3          1175.2          1133.0           561.3           548.9           479.3            954.3              9.6              11.6               0.4            641.0             918.2               0.0          1061.9
18                 511.3           1259.0            324.1            47.5           418.4             5.3           549.1           352.8           640.2            38.0            47.0             5.3            381.7              4.3               5.2               0.1            388.9             438.8               0.0           404.1
19                  13.8            179.8            569.8            23.2            22.2             2.4            11.6            25.0            25.7            19.4            14.9             0.7             11.6              0.3               0.7               0.0              8.5               8.8               0.0            23.3
20                  12.0              3.1            603.2             7.9            13.3             0.3            12.1             8.1            20.9             4.1             1.9             0.2              9.1              0.0               0.1               0.0              2.8               3.1               0.0             7.9
21                   2.7              0.2           1157.2             0.1             2.7             0.0             3.4             0.3             4.8             0.0             0.3             0.1              1.4              0.0               0.1               0.0              0.1               0.1               0.0             1.3
22                   0.0              2.3           1067.2             0.0             0.2             0.0             0.0             0.1             0.0             0.0             0.2             0.0              0.0              0.0               0.0               0.0              0.0               0.0               0.0             0.1
23                   0.0              0.7            140.1             0.0             0.1             0.0             0.0             0.1             0.0             0.0             0.1             0.0              0.0              0.0               0.0               0.0              0.0               0.0               0.0             0.0
24                   0.0              0.3              0.0             0.0             0.0             0.0             0.0             0.0             0.0             0.0             0.0             0.0              0.0              0.0               0.0               0.0              0.0               0.0               0.0             0.0
25                   0.0              0.0              0.0             0.0             0.0             0.0             0.0             0.0             0.0             0.0             0.0             0.0              0.0              0.0               0.0               0.0              0.0               0.0               0.0             0.0
26                   0.0              0.0              0.0             0.0             0.0             0.0             0.0             0.0             0.0             0.0             0.0             0.0              0.0              0.0               0.0               0.0              0.0               0.0               0.0             0.0
27                   0.0              0.0              0.0             0.0             0.0             0.0             0.0             0.0             0.0             0.0             0.0             0.0              0.0              0.0               0.0               0.0              0.0               0.0               0.0             0.0
28                   0.0              0.0              0.0             0.0             0.0             0.0             0.0             0.0             0.0             0.0             0.0             0.0              0.0              0.0               0.0               0.0              0.0               0.0               0.0             0.0
29                   0.0              0.0              0.0             0.0             0.0             0.0             0.0             0.0             0.0             0.0             0.0             0.0              0.0              0.0               0.0               0.0              0.0               0.0               0.0             0.0
30                   0.0              0.0              0.0             0.0             0.0             0.0             0.0             0.0             0.0             0.0             0.0             0.0              0.0              0.0               0.0               0.0              0.0               0.0               0.0             0.0
31                   0.0              0.0              0.0             0.0             0.0             0.0             0.0             0.0             0.0             0.0             0.0             0.0              0.0              0.0               0.0               0.0              0.0               0.0               0.0             0.0
32                   0.0              NaN              0.0             NaN             NaN             NaN             NaN             NaN             NaN             NaN             NaN             NaN              NaN              NaN               NaN               NaN              NaN               NaN               NaN             NaN
33                   0.0              NaN              0.0             NaN             NaN             NaN             NaN             NaN             NaN             NaN             NaN             NaN              NaN              NaN               NaN               NaN              NaN               NaN               NaN             NaN
34                   0.0              NaN              0.0             NaN             NaN             NaN             NaN             NaN             NaN             NaN             NaN             NaN              NaN              NaN               NaN               NaN              NaN               NaN               NaN             NaN
35                   0.0              NaN              0.0             NaN             NaN             NaN             NaN             NaN             NaN             NaN             NaN             NaN              NaN              NaN               NaN               NaN              NaN               NaN               NaN             NaN
36                   0.0              NaN              0.0             NaN             NaN             NaN             NaN             NaN             NaN             NaN             NaN             NaN              NaN              NaN               NaN               NaN              NaN               NaN               NaN             NaN
37                   0.0              NaN              0.0             NaN             NaN             NaN             NaN             NaN             NaN             NaN             NaN             NaN              NaN              NaN               NaN               NaN              NaN               NaN               NaN             NaN
38                   0.0              NaN              0.0             NaN             NaN             NaN             NaN             NaN             NaN             NaN             NaN             NaN              NaN              NaN               NaN               NaN              NaN               NaN               NaN             NaN
39                   0.0              NaN              0.0             NaN             NaN             NaN             NaN             NaN             NaN             NaN             NaN             NaN              NaN              NaN               NaN               NaN              NaN               NaN               NaN             NaN
40                   NaN              NaN              0.0             NaN             NaN             NaN             NaN             NaN             NaN             NaN             NaN             NaN              NaN              NaN               NaN               NaN              NaN               NaN               NaN             NaN
41                   NaN              NaN              0.0             NaN             NaN             NaN             NaN             NaN             NaN             NaN             NaN             NaN              NaN              NaN               NaN               NaN              NaN               NaN               NaN             NaN
42                   NaN              NaN              0.0             NaN             NaN             NaN             NaN             NaN             NaN             NaN             NaN             NaN              NaN              NaN               NaN               NaN              NaN               NaN               NaN             NaN

written /projects/disruptsc/runs/rhine2026/compare_runs_batch.csv
